LTTextBoxHorizontal
(37.25, 708.174, 344.3330000000001, 741.1450000000001)
ISU GP 2017 Skate Canada International
MEN SHORT PROGRAM         JUDGES DETAILS PER SKATER

LTTextBoxHorizontal
(266.15, 673.0266, 287.77144999999996, 682.979)
Nation

LTTextBoxHorizontal
(304.34999999999997, 673.0266, 330.6071, 692.5790000000001)
Starting
Number

LTTextBoxHorizontal
(340.04999999999995, 663.4266000000001, 369.41405, 692.5790000000001)
Total 
Segment
Score

LTTextBoxHorizontal
(379.09999999999997, 663.4266000000001, 406.16405, 692.5790000000001)
Total 
Element
Score

LTTextBoxHorizontal
(424.34999999999997, 663.4266, 495.54259999999994, 692.5790000000001)
Total
Program  Component
Score (factored)

LTTextBoxHorizontal
(506.34999999999997, 673.0266, 544.1927499999999, 692.5790000000001)
Total
Deductions

LTTextBoxHorizontal
(263.35, 647.9766000000001, 276.86775, 657.9290000000001)
JPN

LTTextBoxHorizontal
(323.2, 647.9766000000001, 332.86049999999994, 657.9290000000001)
 12

LTTextBoxHorizontal
(348.70000000000005, 647.9766000000001, 371.88520000000005, 657.9290000000001)
 103.62

LTTextBoxHorizontal
(388.75, 647.9766000000001, 408.07099999999997, 657.9290000000001)
 57.12

LTTextBoxHorizontal
(475.40000000000003, 647.9766000000001, 494.721, 657.9290000000001)
 46.50

LTTextBoxHorizontal
(528.2, 648.7266000000001, 543.6568, 658.6790000000001)
 0.00

LTTextBoxHorizontal
(158.069, 622.1819, 166.7326, 631.58965)
o
f
n

LTTextBoxHorizontal
(158.069, 620.5, 166.7326, 622.1819)
I

LTTextBoxHorizontal
(169.25, 541.3174, 191.56900000000022, 637.231)
Base 
Value 
 12.30
 3.20
 3.30
 12.76
 9.35
 3.00
 3.50
 47.41

LTTextBoxHorizontal
(196.79999999999995, 570.375, 199.9250000000002, 588.15625)
x
x

LTTextBoxHorizontal
(203.1, 624.4674, 218.23105, 633.131)
GOE 

LTTextBoxHorizontal
(262.25, 623.8174, 270.6595, 632.481)
J1 

LTTextBoxHorizontal
(284.65, 623.8174, 293.05949999999996, 632.481)
J2 

LTTextBoxHorizontal
(307.05, 623.8174, 315.4595, 632.481)
J3 

LTTextBoxHorizontal
(329.45, 623.8174, 337.85949999999997, 632.481)
J4 

LTTextBoxHorizontal
(353.25, 623.8174, 361.6595, 632.481)
J5 

LTTextBoxHorizontal
(377.05, 623.3174, 385.4595, 631.981)
J6 

LTTextBoxHorizontal
(399.45, 623.8174, 407.85949999999997, 632.481)
J7 

LTTextBoxHorizontal
(421.85, 623.8174, 430.2595, 632.481)
J8 

LTTextBoxHorizontal
(444.25, 623.8174, 452.6595, 632.481)
J9 

LTTextBoxHorizontal
(493.15, 623.8174, 504.57845, 632.481)
Ref 

LTTextBoxHorizontal
(213.59999999999997, 551.875, 227.50000000000034, 617.1062499999999)
 2.29
 1.00
 1.14
 1.00
 2.43
 0.71
 1.14

LTTextBoxHorizontal
(264.69999999999993, 551.875, 268.17500000000035, 617.1062499999999)
3
1
2
1
2
1
2

LTTextBoxHorizontal
(287.09999999999997, 551.875, 290.57500000000033, 617.1062499999999)
3
2
3
1
3
2
3

LTTextBoxHorizontal
(309.49999999999994, 551.875, 312.9750000000003, 617.1062499999999)
2
2
1
1
2
1
2

LTTextBoxHorizontal
(331.8999999999999, 551.875, 335.3750000000003, 617.1062499999999)
2
2
2
1
2
3
3

LTTextBoxHorizontal
(355.69999999999993, 551.875, 359.1750000000003, 617.1062499999999)
2
2
1
1
3
1
2

LTTextBoxHorizontal
(379.49999999999994, 551.875, 382.9750000000003, 617.1062499999999)
2
2
3
1
2
2
1

LTTextBoxHorizontal
(401.8999999999999, 551.875, 405.3750000000003, 617.1062499999999)
3
2
3
2
3
2
3

LTTextBoxHorizontal
(424.2999999999999, 551.875, 427.77500000000026, 617.1062499999999)
2
2
2
1
3
1
2

LTTextBoxHorizontal
(446.6999999999999, 551.875, 450.17500000000024, 617.1062499999999)
2
2
3
1
2
1
2

LTTextBoxHorizontal
(60.60000000000002, 471.5174, 207.44655, 540.281)
Program Components 
Skating Skills
Transitions
Performance
Composition
Interpretation of the Music
Judges Total Program Component Score (factored)

LTTextBoxHorizontal
(209.15000000000015, 481.225, 228.60000000000016, 539.8562499999999)
Factor 
 1.00
 1.00
 1.00
 1.00
 1.00

LTTextBoxHorizontal
(60.60000000000008, 456.11740000000003, 95.22415000000008, 464.781)
Deductions 

LTTextBoxHorizontal
(37.25, 445.1052, 188.51479999999998, 452.4762)
  x  Credit for highlight distribution, base value multiplied by 1.1 

LTTextBoxHorizontal
(260.95000000000016, 481.225, 295.5125000000003, 528.6062499999999)
9.75
9.25
9.75
8.75
10.00
9.25
8.75 10.00
9.25 10.00

LTTextBoxHorizontal
(305.7500000000001, 481.225, 317.91250000000025, 528.6062499999999)
9.00
9.00
9.25
9.25
9.00

LTTextBoxHorizontal
(328.1500000000001, 481.225, 340.3125000000002, 528.6062499999999)
9.25
9.25
9.50
9.25
9.50

LTTextBoxHorizontal
(351.9500000000001, 481.225, 364.11250000000024, 528.6062499999999)
9.25
8.75
9.50
9.00
8.75

LTTextBoxHorizontal
(375.7500000000001, 481.225, 387.91250000000025, 528.6062499999999)
9.00
9.00
9.25
9.00
9.25

LTTextBoxHorizontal
(398.1500000000001, 481.225, 410.3125000000002, 528.6062499999999)
9.75
9.75
9.75
9.75
9.75

LTTextBoxHorizontal
(420.55000000000007, 481.225, 432.7125000000002, 528.6062499999999)
9.50
9.25
9.50
9.50
9.00

LTTextBoxHorizontal
(442.95000000000005, 481.225, 455.1125000000002, 528.6062499999999)
8.75
9.00
9.50
9.50
9.25

LTTextBoxHorizontal
(41.29999999999997, 672.4766000000001, 60.22484999999997, 682.4290000000001)
Rank 

LTTextBoxHorizontal
(67.34999999999997, 672.4766000000001, 86.27484999999997, 682.4290000000001)
Name

LTTextBoxHorizontal
(54.80000000000001, 647.9766000000001, 60.596300000000014, 657.9290000000001)
 1

LTTextBoxHorizontal
(67.05, 647.9766000000001, 107.5963, 657.9290000000001)
Shoma UNO

LTTextBoxHorizontal
(60.59999999999985, 551.875, 89.1802, 637.231)
Executed 
Elements 
4F
FCSp4
StSq3
4T+2T
3A
CSSp4
CCoSp4

LTTextBoxHorizontal
(45.7, 623.3174, 50.7457, 631.981)
# 

LTTextBoxHorizontal
(47.249999999999915, 551.875, 50.725000000000314, 617.1062499999999)
1
2
3
4
5
6
7

LTTextBoxHorizontal
(41.29999999999997, 414.32659999999976, 60.22484999999997, 424.27899999999977)
Rank 

LTTextBoxHorizontal
(67.34999999999997, 414.32659999999976, 86.27484999999997, 424.27899999999977)
Name

LTTextBoxHorizontal
(54.80000000000001, 389.8266, 60.596300000000014, 399.779)
 2

LTTextBoxHorizontal
(67.05, 389.8266, 112.23195, 399.779)
Patrick CHAN

LTTextBoxHorizontal
(60.599999999999966, 293.725, 89.1802, 379.08099999999996)
Executed 
Elements 
4T+3T
3Lz
CCSp4
3A
StSq3
FSSp4
CCoSp4

LTTextBoxHorizontal
(45.7, 365.1674, 50.7457, 373.83099999999996)
# 

LTTextBoxHorizontal
(47.25, 293.725, 50.72500000000043, 358.95625)
1
2
3
4
5
6
7

LTTextBoxHorizontal
(516.7, 628.5674, 545.9517500000001, 637.231)
Scores of 

LTTextBoxHorizontal
(523.25, 541.3174, 544.4190000000002, 628.9309999999999)
Panel
 14.59
 4.20
 4.44
 13.76
 11.78
 3.71
 4.64
 57.12

LTTextBoxHorizontal
(527.6, 471.4174, 544.419, 528.6062499999999)
 9.29
 9.14
 9.46
 9.32
 9.29
 46.50

LTTextBoxHorizontal
(530.95, 456.0174, 544.4052, 464.681)
 0.00

LTTextBoxHorizontal
(516.7, 370.4174, 545.9517500000001, 379.08099999999996)
Scores of 

LTTextBoxHorizontal
(523.25, 283.1674, 544.4190000000003, 370.78099999999995)
Panel
 15.17
 7.50
 4.41
 7.78
 4.51
 4.07
 4.57
 48.01

LTTextBoxHorizontal
(527.6000000000003, 213.26739999999995, 544.4190000000002, 270.45625)
 9.39
 9.18
 9.14
 9.32
 9.39
 46.42

LTTextBoxHorizontal
(530.9500000000003, 197.86739999999998, 544.4052000000003, 206.53099999999998)
 0.00

LTTextBoxHorizontal
(266.15, 414.87659999999977, 287.77144999999996, 424.8289999999998)
Nation

LTTextBoxHorizontal
(304.34999999999997, 414.87659999999977, 330.6071, 434.4289999999998)
Starting
Number

LTTextBoxHorizontal
(340.04999999999995, 405.2765999999998, 369.41405, 434.42899999999986)
Total 
Segment
Score

LTTextBoxHorizontal
(379.09999999999997, 405.27659999999986, 406.16405, 434.4289999999999)
Total 
Element
Score

LTTextBoxHorizontal
(424.34999999999997, 405.2765999999999, 495.54259999999994, 434.429)
Total
Program  Component
Score (factored)

LTTextBoxHorizontal
(506.34999999999997, 414.87659999999994, 544.1927499999999, 434.429)
Total
Deductions

LTTextBoxHorizontal
(263.35, 389.8266, 278.4037, 399.779)
CAN

LTTextBoxHorizontal
(323.55, 389.8266, 332.863, 399.779)
 11

LTTextBoxHorizontal
(352.55, 389.8266, 371.871, 399.779)
 94.43

LTTextBoxHorizontal
(388.75, 389.8266, 408.07099999999997, 399.779)
 48.01

LTTextBoxHorizontal
(475.40000000000003, 389.8266, 494.721, 399.779)
 46.42

LTTextBoxHorizontal
(528.2, 390.5766, 543.6568, 400.529)
 0.00

LTTextBoxHorizontal
(158.069, 364.0319, 166.7326, 373.43965000000003)
o
f
n

LTTextBoxHorizontal
(158.069, 362.35, 166.7326, 364.0319)
I

LTTextBoxHorizontal
(169.25, 283.1674, 191.56900000000033, 379.08099999999996)
Base 
Value 
 14.60
 6.00
 3.20
 9.35
 3.30
 3.00
 3.50
 42.95

LTTextBoxHorizontal
(196.80000000000007, 321.475, 199.92500000000007, 330.00625)
x

LTTextBoxHorizontal
(203.1, 366.31739999999996, 218.23105, 374.98099999999994)
GOE 

LTTextBoxHorizontal
(262.25, 365.6674, 270.6595, 374.33099999999996)
J1 

LTTextBoxHorizontal
(284.65, 365.6674, 293.05949999999996, 374.33099999999996)
J2 

LTTextBoxHorizontal
(307.05, 365.6674, 315.4595, 374.33099999999996)
J3 

LTTextBoxHorizontal
(329.45, 365.6674, 337.85949999999997, 374.33099999999996)
J4 

LTTextBoxHorizontal
(353.25, 365.6674, 361.6595, 374.33099999999996)
J5 

LTTextBoxHorizontal
(377.05, 365.1674, 385.4595, 373.83099999999996)
J6 

LTTextBoxHorizontal
(399.45, 365.6674, 407.85949999999997, 374.33099999999996)
J7 

LTTextBoxHorizontal
(421.85, 365.6674, 430.2595, 374.33099999999996)
J8 

LTTextBoxHorizontal
(444.25, 365.6674, 452.6595, 374.33099999999996)
J9 

LTTextBoxHorizontal
(493.15, 365.6674, 504.57845, 374.33099999999996)
Ref 

LTTextBoxHorizontal
(213.2500000000002, 293.725, 227.50000000000045, 358.95625)
 0.57
 1.50
 1.21
-1.57
 1.21
 1.07
 1.07

LTTextBoxHorizontal
(263.6500000000002, 293.725, 269.20625000000024, 358.95625)
1
3
3
-1
3
2
2

LTTextBoxHorizontal
(286.0500000000002, 293.725, 291.6062500000002, 358.95625)
1
2
2
-2
3
2
3

LTTextBoxHorizontal
(308.45000000000016, 293.725, 314.0062500000002, 358.95625)
1
2
2
-1
2
2
2

LTTextBoxHorizontal
(330.85000000000014, 293.725, 336.40625000000017, 358.95625)
1
2
2
-2
2
2
2

LTTextBoxHorizontal
(354.65000000000015, 293.725, 360.2062500000002, 358.95625)
0
2
3
-2
2
3
2

LTTextBoxHorizontal
(378.45, 293.725, 384.0062500000002, 358.95625)
-1
2
3
-1
2
2
2

LTTextBoxHorizontal
(400.85000000000014, 293.725, 406.40625000000017, 358.95625)
2
3
3
-1
3
3
3

LTTextBoxHorizontal
(423.2500000000001, 293.725, 428.80625000000015, 358.95625)
0
2
2
-2
2
2
2

LTTextBoxHorizontal
(445.6500000000001, 293.725, 451.2062500000001, 358.95625)
0
2
2
-2
3
2
1

LTTextBoxHorizontal
(60.60000000000025, 213.36739999999998, 207.44655000000023, 282.131)
Program Components 
Skating Skills
Transitions
Performance
Composition
Interpretation of the Music
Judges Total Program Component Score (factored)

LTTextBoxHorizontal
(209.15000000000026, 223.075, 228.60000000000028, 281.70625)
Factor 
 1.00
 1.00
 1.00
 1.00
 1.00

LTTextBoxHorizontal
(60.60000000000031, 197.9674, 95.22415000000031, 206.631)
Deductions 

LTTextBoxHorizontal
(37.25000000000023, 186.9551999999999, 188.5148000000002, 194.32619999999991)
  x  Credit for highlight distribution, base value multiplied by 1.1 

LTTextBoxHorizontal
(260.9500000000004, 223.075, 273.1125000000005, 270.45625)
9.50
9.25
9.25
9.50
9.50

LTTextBoxHorizontal
(283.35000000000036, 223.075, 295.5125000000005, 270.45625)
9.50
9.25
9.50
9.25
9.25

LTTextBoxHorizontal
(305.75000000000034, 223.075, 317.9125000000005, 270.45625)
9.50
9.25
9.25
9.50
9.50

LTTextBoxHorizontal
(328.1500000000003, 223.075, 340.31250000000045, 270.45625)
9.50
9.25
9.00
9.25
9.50

LTTextBoxHorizontal
(351.95000000000033, 223.075, 364.11250000000047, 270.45625)
9.75
9.00
9.25
9.50
9.50

LTTextBoxHorizontal
(375.75000000000034, 223.075, 387.9125000000005, 270.45625)
9.00
9.25
8.75
9.00
9.25

LTTextBoxHorizontal
(398.1500000000003, 223.075, 410.31250000000045, 270.45625)
9.50
9.50
9.50
9.75
9.50

LTTextBoxHorizontal
(420.5500000000003, 223.075, 432.71250000000043, 270.45625)
9.00
8.50
9.00
8.75
8.75

LTTextBoxHorizontal
(442.9500000000003, 223.075, 455.1125000000004, 270.45625)
9.25
9.00
8.75
9.25
9.25

LTRect
(37.75, 643.45, 554.75, 697.25)
LTRect
(37.75, 385.3, 554.75, 439.1)
LTRect
(37.8, 469.65, 553.65, 640.4)
LTRect
(37.8, 211.5, 553.65, 382.25)
LTRect
(37.75, 453.9, 554.75, 466.0)
LTRect
(37.75, 195.75, 554.75, 207.85000000000002)
